includes/dem/resamp_A2016145.250m_16_days.asc
north: 4595821.63632139
south: 1695848.50194831
east: 6421929.72873812
west: 2666226.81700906
rows: 58
cols: 75
-886 -1015 -855 4608 5086 * * * * * * * * * * * * * * * * * * * * * * * * 5412 5659 6086 -888 -880 -763 5000 5996 6000 6091 6666 6682 6875 6491 6000 6000 6666 6668 6181 6250 6290 6627 6512 6244 6324 6486 7361 7573 6200 6187 7592 7516 7502 7367 7720 7271 7208 7500 7912 7344 7595 7568 7192 8312 8620 7818 
-700 -660 0 -1035 -912 * * * * * * * * * * * * * * * * * * * * * * * 5252 5533 7375 -853 -844 -820 5661 5000 6000 6000 6666 6425 6420 6473 7086 6741 6666 6952 6611 6951 6000 -625 * * * 6280 7141 7402 7423 7497 7594 7469 7376 7456 7569 7400 7085 7496 8000 7497 7626 8412 8000 7696 8400 8680 8609 
-1131 -997 0 -927 -940 -356 * * * * * * * * * * * * * * * * * * * * * * * 6497 -167 -798 -906 -668 5808 6000 6000 6668 6663 7256 7048 6666 6765 6923 6582 0 3333 6665 6248 6487 7735 7444 7477 6733 6000 7690 7717 7703 7332 7304 7514 7500 7501 7589 8105 8421 8000 8000 8000 8000 8000 8293 8341 8394 8358 
-1074 -1042 -977 -944 -864 653 * * * * * * * * * * * * * * * * * * * * * * 5973 6912 -893 -950 -706 5000 0 6000 6260 6771 7031 7433 7500 7194 6942 7059 6407 6923 0 6572 6435 5827 8185 6923 6968 7717 7538 7843 8125 7553 7519 7451 7318 7385 7384 7500 7500 8179 8235 8181 7613 7594 7500 7750 6815 8608 8530 
-1129 -1091 -1095 -1027 4889 * * * * * * * * * * * * * * * * * * * * * * * 6303 -788 -859 -986 5793 0 6000 6000 7175 7065 6955 7271 7321 7178 7134 7090 6666 7141 2000 6349 6563 6299 6755 7085 7598 7631 8295 8000 8168 8327 8418 7498 7419 7441 7474 7441 7855 8306 8060 7942 8006 7593 7114 8821 8628 8682 8939 
0 -1068 5046 2796 * * * * * * * * * * * * * * * * * * * * * * * * 6390 -864 -743 -561 6000 5556 0 5996 7141 7174 7477 5076 7580 7397 6643 7041 7009 6800 6666 6662 6666 7032 7534 6768 6695 6802 8000 8037 8113 8195 8260 8181 7934 8476 8389 8455 8358 8081 8000 8456 7832 8227 8620 7588 8745 8855 8783 
* * * * * * * * * * * * * * * * * * * * * * * * * * * * 6707 -879 -740 5000 6000 6000 6000 6094 6841 6860 * * 7898 7507 6661 7526 7293 7253 6773 7142 6442 6226 3333 6635 6403 7264 7458 8267 8447 8521 8236 6616 8026 8620 8580 8698 8791 8552 8183 8298 8076 8647 8738 7830 8780 8924 8794 
* * * * * * * * * * * * * * * * * * * * * * * * * * * 5282 6015 -737 -636 0 6000 5804 6161 6666 7018 7430 * 6043 7916 7809 7307 2000 7397 7377 6666 6952 6827 3333 7271 7500 6490 6823 7460 8425 8603 8614 8583 8283 8614 8595 8589 8734 8721 8727 8682 8332 8398 8409 8752 8765 8868 8842 8475 
* * * * * * * * * * * * * * * * * * * * * * * * * * * 5554 5147 -502 0 6000 6001 6214 6426 6328 6575 7109 8298 7571 7895 7647 7396 7760 7540 7500 7488 7000 7500 7597 7712 0 3333 0 8115 8509 8726 8669 8681 8602 8637 8756 8763 8636 8522 8667 8667 8750 8493 8752 8888 8917 8830 8441 8647 
* * * * * * * * * * * * * * * * * * * * * * * * * 2852 5775 5250 0 5000 6000 6349 6413 6991 6631 6832 7073 6819 7844 7500 7000 7269 7678 8000 7671 7649 3333 7083 6810 7088 7992 3333 3333 8597 8252 8400 8181 8652 8627 8707 8588 8771 8759 8540 8767 8000 8368 8867 8486 8518 8585 8513 8288 8856 7831 
* * * * * * * * * * * * * * * * * * * * * * * * 5017 6183 6368 7163 4857 5000 5998 6666 7376 6924 7500 7000 7095 8125 7870 7500 7250 7151 7263 7544 7851 7500 3333 7502 7064 7355 8000 0 0 3333 8838 8608 8759 8715 8517 8690 8817 8945 8830 8472 8714 8612 8615 8718 8628 8461 8372 8415 8847 8941 8896 
* * * * * * * * 4767 4938 4427 * * * * * * * * * * * * 2455 5322 5930 7680 5581 -486 6000 0 7051 7638 7368 7448 7763 * 7625 7635 7644 7500 7239 7647 7548 7529 7547 2000 8223 7225 8344 8432 8000 8429 3333 8750 8750 8815 8804 8712 8750 8940 8990 9009 8937 8765 8782 8962 8850 8418 8444 8492 8752 8952 8900 8971 
* * * * * * * * 4855 5421 * * * * * * * * * * * * 7557 7574 -811 -593 5284 5705 0 6001 6317 7231 7142 6906 7242 * * 7608 7745 7130 7142 7500 7799 7553 7673 7818 7500 7777 0 0 7902 8354 8638 8514 8718 8811 8712 8842 8899 8820 8939 8925 9026 9079 8861 8890 8905 8805 8788 8661 8282 8975 9023 9030 8963 
* * * * * * * * * 5171 * * * * * * * * * * * 6037 7964 -651 -651 -607 4355 6041 5000 5744 6250 7244 7142 7676 7398 * * * 7707 7079 7195 7390 3333 8000 7615 3333 7781 0 0 0 0 8387 8894 8283 8893 8944 8863 8926 8766 8805 8894 8933 8919 8767 8777 8594 8493 8952 8960 8782 7628 8843 7002 8967 8939 
* * * * * * * * * * * * * * * * * * * * * 3333 -782 -942 -1013 -842 4544 6069 5792 5998 5998 6360 6861 7667 7043 * * * 7784 7526 7555 0 7669 7717 7614 7765 7757 7985 0 0 8360 8812 8919 8863 8656 8692 8837 8685 8780 8738 8823 9026 8862 8781 7500 8951 8837 8953 8930 8947 8976 8964 8949 9072 9030 
* * * * * * * * * * * * * * * 6245 * * * * 6331 7732 -834 -939 -1049 -873 5674 6000 6250 6193 6068 7018 7432 7680 7723 * * * 6800 7386 7295 7217 7201 7281 7145 7345 8054 7911 8244 8204 8763 8873 8826 8731 6339 6392 8083 0 8809 8532 8790 8753 8853 9119 8713 8555 8695 9011 8724 7642 8276 0 7989 7924 9196 
* * * * * * * * * * * * * * 5714 5232 * * * * 5414 7580 -822 -956 -841 6550 5994 7202 7245 6842 6838 2000 7500 7335 7600 7881 * 6729 7095 6811 6754 7200 7301 7571 6465 8185 8582 8663 8616 8653 8707 8640 8676 8622 8823 8718 8805 8776 8633 8690 8714 8332 8730 8657 8400 8775 7838 5995 0 7495 7184 7173 0 7500 9118 
* * * * * * * * * * * * * 6814 6285 * * * * * * 8222 -789 -1106 -925 6380 6456 7331 7677 7500 6748 7219 7500 7846 7942 7749 7905 7129 7494 7550 6975 7155 7762 7965 8068 8361 8408 8793 8658 8909 8912 8731 8546 8704 8825 8695 8860 8513 8591 8544 8428 8550 8362 8627 8089 7710 8858 7264 7414 9041 9003 7427 9062 7811 9034 
* * * * * * * * * 6204 * * 8031 4830 * * * * * * * 7697 -887 -985 -784 7149 0 7359 7500 7857 7848 7418 7449 7500 7767 7815 7862 * 6760 3671 * 6598 7958 8091 8592 8571 8621 8750 8805 8912 0 8792 8745 8594 8823 8823 8632 8560 8435 8578 8150 8456 8540 8351 8187 7500 8656 7485 6923 7752 9069 7205 -2000 8942 0 
* * * * * * * * 4903 4784 1250 5463 7047 * * * * * * * 5959 7500 7409 -844 6450 7294 7468 7805 7670 7776 8000 7956 8000 7746 7764 7363 7565 5909 * * 7856 8416 8106 7953 8455 8322 8804 8732 8806 8973 9062 8787 8581 8567 8860 8657 8525 8708 8613 8588 8703 8747 8400 8334 8543 8532 8705 8637 8839 8938 7181 8878 8853 8985 -2000 
* * * * * 6358 * 4671 4821 4825 4955 5533 609 * * * * * * * * 7858 6000 -729 6000 7377 7877 7787 7673 7936 0 8000 8111 8000 7502 7468 7857 * * * 7843 7729 7885 8136 8221 7949 7725 8776 8826 8935 8987 8684 8644 8571 8696 8630 8410 8518 8564 8532 8029 8477 8380 8341 8250 8807 8246 8912 7973 7777 9096 8286 8297 8896 7205 
* * * * * * 5580 5835 4917 5343 6139 5982 * * * * * * * * * 7709 7119 6126 6722 7049 7841 5945 7940 0 -1428 2000 7972 7475 7559 6111 * 7458 * * 7727 7006 8660 8496 8237 8324 8393 8299 8945 9011 8971 8750 8528 8384 8556 8684 8564 8400 8375 8089 7997 8084 8172 8476 8382 8240 8628 8065 8012 7750 8927 8134 8208 7169 -2000 
* * * * * * 5143 5822 5842 5591 7948 7936 8449 -738 * * * * * * * * 6666 7316 7035 7905 * * 7604 8097 8184 3333 8154 7747 7489 * 7011 6884 * * 8020 7905 * 8561 8207 8074 8070 8328 8578 8867 8961 8716 8646 8682 8735 8937 8743 8408 8710 8422 8738 8458 8423 8465 9045 8642 8717 8069 8802 8401 8823 8392 7709 8789 -1428 
* * * * * 2717 7360 6805 5269 5573 6015 6432 8009 * * * * * * * * * * * * * 7348 6887 8035 8000 8074 7973 7820 7500 7685 * 7182 7062 * 8371 7695 7816 7640 7618 8449 7981 7922 8159 8653 8774 8722 8750 8658 9001 8950 8797 8870 8878 8640 8856 8615 8287 8264 8932 9035 7888 8563 8236 8354 8620 8184 8836 8748 6737 6418 
* * * * * * 6815 5714 8289 6113 8218 7013 6855 * * * * * * * * * * * 5837 7702 8381 8218 8682 8131 8000 8006 8000 7833 7715 5743 7042 * * 7647 8129 8156 8504 7809 8502 8120 8237 8334 8673 8343 8814 8762 8889 8951 8811 8803 8855 8833 8622 8763 8294 7843 8364 8173 8387 8487 8317 8322 8324 8164 8459 8392 8946 3333 6772 
* * * * * * 7643 6412 7412 8265 8169 8172 * * * * * * * * * * * * 7116 8490 8612 8802 3750 8201 8181 8321 7831 7958 7704 * * * * 8096 8563 8103 8490 8617 8307 8313 8160 8024 8445 8258 8784 8845 8759 8694 8704 8765 8852 8669 8621 8897 9068 8392 7968 8492 8250 8358 8500 8020 8401 8740 8547 8463 7539 7146 2540 
* * * 6718 4695 8077 8173 7418 8109 8634 6942 8305 8247 * * * * * * * * * * * 8394 8238 8400 8510 * 8000 8421 8093 8000 8122 5132 * * * * 6950 8388 8220 8341 8593 8414 7932 8129 8092 8523 8544 8808 8687 8750 8845 8767 8905 9046 8717 8750 8808 8085 8427 8528 8523 8583 8393 7721 8166 8233 7966 7875 8386 7249 -2000 6533 
* 6676 5881 6549 7823 8280 8389 8409 8052 8019 8000 6750 8402 * * * * * * * * * * * 7857 8028 8612 8752 8350 8318 8295 8228 7693 6120 * * * * * 5379 8593 8233 8400 8482 8074 8287 7760 8014 7944 8394 8174 8307 8426 8212 8457 8505 8742 8731 8801 8492 8535 8500 8376 7939 8391 8108 8173 8309 8666 8100 7979 7774 7337 0 7112 
* 5713 8245 8296 8460 8471 8231 8131 8652 8421 8494 8579 7973 * * * * * * * * * * * 7592 8452 8220 8228 8459 8858 8080 8236 8185 * * * * * 8678 8783 8852 8115 7732 7625 8197 7837 8034 7882 7688 7814 7912 7703 7872 7940 8282 8332 8766 8497 8159 7831 8508 8650 8776 8445 8825 7888 8139 8201 8757 8078 3333 7421 7000 6871 7383 
* 5000 8723 8760 8656 8540 8407 7094 7907 8032 8507 8715 8082 8544 * * * * * * * * * * 7667 8309 8357 8260 8223 8638 * * 7990 273 4545 7490 7855 8700 8133 8405 8588 8511 8386 6816 6837 7693 7565 8105 8212 7876 8354 7572 8000 8389 8144 8068 8500 8403 8629 8576 8770 8623 8418 8289 8057 8552 8783 8223 8477 7805 7415 7876 7104 0 7057 
* 8161 8191 8661 8466 8526 7771 * * * 8165 8472 8166 8352 * * * * * * * * * * 7030 7970 8053 8367 8264 8659 7865 8077 * 8095 7459 8356 7635 8703 8336 8592 8394 7885 7546 7415 7383 7807 7741 8104 8164 7861 7572 7777 8093 8526 7949 8167 8445 8630 8584 8498 7944 8453 8546 7542 8293 8172 9223 8605 8117 8371 7408 3333 6480 6654 5544 
8192 8116 8214 8439 8591 8495 8353 7989 8525 8532 7861 8075 8364 8718 103 * * * * * * * * 2546 8024 7617 8456 8569 8508 8142 8025 8176 8200 8366 8529 8400 6836 7472 8305 8180 7946 7814 7462 7556 7568 7500 7500 7656 8261 7743 7750 7758 8179 8042 8064 7756 8248 8339 8993 8795 8800 8732 8658 8539 7924 8023 7641 8355 8141 8519 8567 6007 6932 6833 6310 
6374 8438 8239 8421 8289 8164 * 8563 8570 8714 8035 8434 8477 8457 8500 * * * * * 6571 8286 8081 7723 8126 7619 8307 8422 8460 8435 8106 7944 8235 8408 7998 7689 7738 7460 7578 7626 6875 6968 7672 8028 8101 7148 8552 7744 8663 8272 8204 7889 8729 7997 8304 8175 8358 8701 8830 8053 8319 8755 8646 8363 8361 8106 8364 7788 8063 8050 7463 6986 6511 6472 4900 
8095 8168 8088 8156 6903 7649 8132 8437 8632 8752 8393 8371 8651 8680 8599 8650 * * * 7785 8090 8283 7877 7363 8057 8356 8302 8415 8083 7990 8119 7917 8131 8421 7442 8040 7224 7645 7029 6800 7320 7578 7413 7682 7086 7600 7689 7831 7510 7332 7332 7500 7605 7507 7633 7663 7634 8376 7882 8534 8444 8295 7828 8503 8377 8128 8004 8166 7937 7572 7757 7682 6558 6007 5468 
* * * * * * 8390 8295 8541 8578 8513 8532 8529 8760 8441 8511 * * * 7318 7427 8039 7176 8189 8056 8439 8046 8271 8230 8153 8020 7943 8000 7590 7548 7748 7389 6884 6913 6136 7070 7407 7316 7500 7856 7644 7619 7642 7600 7703 8170 7629 7931 7332 8316 7792 7843 8332 8235 7957 8076 8316 8207 7913 7489 8135 7663 7873 8022 7419 7360 7878 -1111 6150 5623 
* * * * * * 5458 8512 8256 8251 8538 8625 8446 8454 8227 7355 * * 5807 8359 7956 7864 7924 7932 7719 8465 8666 8500 8530 8232 8104 7500 7575 7786 7529 7206 7208 6898 7286 7361 6777 6989 7142 7034 7640 7853 7491 7772 7464 8297 8522 7947 7596 7453 6865 8053 7853 8077 8355 7834 7474 8047 7666 8635 8052 7642 7676 7654 7469 7483 8111 7994 7529 6404 5330 
* * * * * * 8397 8605 8671 8380 8612 8545 8459 8629 8329 7971 * 7081 7176 7908 7925 7702 7875 8000 8486 8251 8839 9130 8932 8732 7934 7986 7616 7831 8000 7793 7878 7741 7381 7770 7867 7207 7288 7440 7925 7901 7802 8075 8154 7386 7863 7997 7421 7651 7857 7738 7486 0 7691 8081 7249 7973 8488 8652 8427 8057 8361 7784 8065 8298 8403 8354 8026 6738 5678 
* * * * 5130 7867 7980 8558 8534 8396 8351 8470 8266 8777 8750 7863 7519 6114 7389 7146 8043 7617 8373 8648 8547 8684 8444 8666 8733 8537 8694 8342 7915 8145 8629 8409 8317 8402 7649 7696 7500 8452 8009 7701 7696 8347 7643 8064 8320 8227 8677 8110 7371 7880 7762 8036 8009 7728 7984 7341 8417 6806 7500 8011 7937 7774 7575 7894 8291 7497 8685 8566 6875 6246 4839 
* * * * * 7542 * 7636 * * * * * * * 8796 7515 7653 7147 7884 8149 8803 8066 8727 8660 8656 8654 8500 8519 8482 8434 8796 8715 8409 8360 8762 8716 8194 8140 7681 7390 7549 7900 7264 8653 8543 8231 9157 7795 8162 7828 8120 8116 7650 8265 7960 7624 6923 5000 7541 7767 7542 7819 8058 7615 7033 7556 8302 8539 8910 8046 8526 8177 7921 7149 
* * * * * * * * * 8007 8133 4129 8574 6460 6743 7252 8332 8180 8447 8600 8645 8909 8974 8923 8813 8791 8775 8671 8437 8178 8146 8413 8777 8752 8483 8452 8615 8389 7354 8055 8434 7738 8483 8761 8757 8722 9022 8967 7555 9152 8087 8364 8350 8100 8167 7585 6174 7367 7327 7359 7374 -1111 -1428 7559 7430 7777 8019 8212 8859 8373 8945 8581 8549 8376 8331 
* * * * * * 8202 4668 2442 5445 7532 7710 8523 6437 8401 8301 8293 9007 8451 8924 8787 8457 8945 8709 8308 8696 8109 8252 8577 8200 8375 8382 8600 8656 8470 8624 8603 8429 8364 8394 8400 8525 9041 9053 9049 9072 8933 8975 8139 7025 7551 7127 7749 7819 7872 7100 7997 7097 7093 7529 6570 6526 7290 7600 6607 7329 2075 8834 8150 8343 8238 8365 8181 8359 8110 
* * * * * 6390 7652 7993 7582 7730 8050 8419 8444 7090 8644 7278 8451 8451 8354 8436 8961 8594 8495 8662 8202 8747 8614 7797 8209 8120 8507 8496 8477 8455 8487 8818 8869 8703 8615 8665 8230 8723 9073 9106 9142 9116 8421 8991 8782 7023 6668 6815 7410 7345 7774 7851 8016 7338 6354 6943 7392 7332 7595 7298 * * * 8495 8120 7907 7789 7805 8435 8229 8331 
* * * * * 7071 7800 8219 7540 7080 7226 8317 8110 8362 8526 7634 7650 8210 8427 8665 8880 8360 8498 8490 8754 8947 8467 7984 8631 8237 8369 8408 8702 8280 8573 8957 8323 9203 9070 9021 8993 8938 9126 6703 6851 9165 8997 8374 8451 8909 6581 6697 7169 7129 8000 8084 7980 7188 7612 5651 7042 7142 6447 4904 * 5839 6045 6837 6970 7234 9231 9127 9121 8887 8870 
* * * * * * 7745 7481 7603 7148 7540 8419 8040 8534 8461 8501 8707 8361 8300 8650 8770 8518 8830 8365 8393 8891 8862 8644 8113 8369 7453 8211 8445 8242 8224 9163 7395 7781 8829 9079 9023 9079 7212 5904 7422 9174 9042 8729 8073 8558 8796 7632 8000 7885 6987 7484 8055 4191 6403 6714 7019 6381 6770 6516 4816 6942 6332 7705 9339 9170 9325 9176 9121 8850 8869 
* * * * * * * 6796 7081 7707 7512 6843 8516 8359 8739 8660 8797 8583 8713 8698 8775 8607 8720 8322 8296 8655 8481 8584 8479 8586 8342 8433 8412 8290 8226 8444 8010 8010 7227 9134 7450 7421 6946 7423 9141 9119 8414 8235 8250 8269 8867 9033 8208 7662 7539 7480 7953 8043 * * 5584 6083 6796 7254 5483 5243 * * * * 9274 9424 9339 78 9076 
* * * * * * * * 6601 7299 7585 8103 8361 8944 8617 7918 8453 8510 8203 8586 8843 8724 8600 8494 8459 8122 8220 8222 8130 8158 8056 7838 8261 7899 7844 7923 8581 9027 9032 7427 7528 7116 6985 7636 9037 7996 8321 7142 8442 8407 8427 8909 7115 7440 7354 7908 7971 * * * 4845 1604 7837 9130 5166 * * * * * * * * 8395 9658 
* * * * * * * * * 7106 7528 8475 8576 8440 8366 8041 7863 8721 8374 7858 8738 8654 8330 8127 7730 7877 -736 -623 -551 -52 -7 7658 7737 7890 8118 8190 8288 7802 8872 6215 6862 7017 7302 7476 9068 8359 8461 8575 8701 8913 8655 8829 6713 7070 7228 7375 7864 * * * * * 8409 5060 * * * * * * * * * * * 
* * * * * * * * * 6589 6811 7819 8373 8534 8688 8315 8324 8406 8504 8301 8125 8218 8067 -917 -122 -714 -788 -198 7665 7873 8413 8543 8034 8145 8221 7022 8140 8776 8908 8147 7810 6431 7142 7428 9030 8916 8618 8488 8870 8831 8883 9068 6947 6990 9019 7500 7709 * * * * * * * * * * * * * * * * * * 
* * * * * * * * * 8494 6313 6423 8760 8446 8695 8384 8417 8059 8397 8703 8196 8073 -385 0 8440 8712 -250 8201 7878 8725 8835 8793 8282 8376 8719 8803 8850 8938 8228 8532 5891 5631 6936 7875 8988 8911 8264 8412 8797 9013 8823 7600 6987 6731 6936 6812 * * * * * * * * * * * * * * * * * * * 
* * * * * * * * * 7500 8118 7872 8120 8227 8464 8243 8165 7925 8170 7973 8369 8414 -378 8506 8321 8615 8384 0 8511 5696 5200 5680 8443 8250 8707 8981 8840 8998 9023 9030 8941 5750 6934 7429 9027 8625 8808 8716 8595 7396 6625 5875 7063 6805 7423 7271 * * * * * * * * * * * * * * * * * 7142 6542 
1169 * * * * * * * * 7481 7729 7269 8463 8143 8303 8391 8143 8080 8280 8033 7989 -114 8336 7916 3333 6090 5653 6350 6423 5640 5482 7666 8305 7985 8279 8766 8803 8916 8772 8698 8953 5677 6949 6743 9011 8985 7177 7515 6433 6812 6665 7157 8995 9136 8430 7769 * * * * * * * * * 8702 8434 2050 5901 -1744 6913 7419 8162 8766 7354 
7859 8235 8151 7170 * * * * 8709 7315 7414 7410 7634 8322 8157 8354 7775 7869 8297 6625 7636 48 8457 6021 6791 8105 8442 7370 6853 6867 6530 * 4751 7146 8175 8016 7500 8123 8583 8525 8726 8317 8911 7399 8922 8382 8321 6470 6897 7437 6932 7830 8097 7848 9101 * * * * * * * * 8720 8342 8654 7717 7767 8227 8522 8378 8615 8560 5232 6001 
7570 8078 8112 7403 7960 7799 8308 8191 7794 7311 6535 7651 7451 7906 8484 8247 7336 7647 5367 7095 7145 6673 8531 8731 8724 8632 8367 8396 8391 6864 6032 * * 7986 6500 6824 7142 7500 7861 8185 7932 8332 8638 8472 8372 8313 8878 7777 7888 7959 8484 8474 8860 9132 9101 * * * * * * * 8569 8368 7307 7262 6754 6805 8245 8691 7923 6483 5998 6523 5548 
7714 6124 7957 6307 7690 7353 8387 8504 8788 8307 7951 7868 7259 6974 8317 8133 4637 5139 5247 5275 6469 6813 7051 8669 * * 7550 8400 8168 8291 8343 6437 6708 * 3777 5992 7015 7128 7750 7753 7882 8297 8008 8541 8225 8228 8216 8219 8247 8438 8761 8627 7062 7699 9096 9148 * * * * * 8371 8325 6788 7013 6971 6372 6516 6255 6889 6046 6364 7183 * * 
6143 6073 5390 6562 7003 6893 3168 8448 7498 8444 8229 8902 8723 8363 7867 3662 3725 * 4285 4991 7045 6290 5610 * * * 6685 8353 8121 8035 7955 6982 6092 * * 3288 6272 6835 6738 7473 6659 7856 8220 8533 8745 8790 7973 7934 7806 6559 6552 7256 7775 8011 9155 9230 9105 * 9364 8036 7956 8400 7197 6705 5562 3391 5766 7197 5806 7068 * * * * * 
6542 6310 6000 5407 6387 6687 7279 3428 3824 6341 6919 6203 7743 7448 8180 3576 * * * * 7577 5961 * * * 8476 7679 8400 8313 8200 7791 7909 6215 5629 * * 8595 7163 7694 7074 7373 7261 8325 8151 8656 8149 7854 7500 7926 7379 7503 8063 8385 5276 5623 4808 8897 8289 8430 8323 8056 7190 6423 5906 4892 3975 4605 4182 * * * * * * * 
6654 5094 5082 4853 5136 4806 5745 4108 2771 3420 4218 6120 6803 6791 8000 6160 * * * * * * * * 6355 6598 6486 3405 5774 6222 7342 7712 6816 5564 4799 5241 * * * * 8106 8065 6939 7235 8550 8082 8020 7769 7590 8096 8516 8122 8183 5039 5477 5282 * 8710 0 6160 6002 5016 2924 3556 3012 * * * * * * * * * * 
6833 5545 4414 5648 5362 5358 4466 3577 2995 2444 2752 4380 5408 6497 6936 6627 * * * * * * * * 7840 7915 * * * 7921 5737 8105 7288 8035 5902 3552 9062 * * * * 5073 6047 8100 8721 7262 8718 7291 8442 5040 6062 3903 5617 4316 4462 3694 3331 8075 6275 7548 6541 * * * * * * * * * * * * * * 
