includes/dem/resamp_A2016129.250m_16_days.asc
north: 4595821.63632139
south: 1695848.50194831
east: 6421929.72873812
west: 2666226.81700906
rows: 58
cols: 75
-694 -598 -684 -605 4681 * * * * * * * * * * * * * * * * * * * * * * * * 5911 5775 6411 -846 -936 -654 -381 714 5592 6000 6000 5498 6000 6000 5303 5000 5714 6668 5352 5881 5998 6000 5000 5000 6666 6000 6000 6666 6000 6000 6666 6000 6000 6000 6000 6000 6227 6129 6000 6000 6000 6000 6000 6000 5997 6000 
-579 -613 -765 -398 -871 * * * * * * * * * * * * * * * * * * * * * * * 5465 122 6098 -711 -286 -922 -668 -195 407 5667 6000 5789 5832 5925 6000 5595 6666 0 6615 6776 5982 4220 * * * 5255 6000 6000 6003 6668 6664 6000 6469 6002 6432 6000 6000 6428 6000 6250 6452 6000 6666 6358 6000 5594 6000 
-654 -680 -783 -775 -826 -909 * * * * * * * * * * * * * * * * * * * * * * 6775 5643 -830 -891 -938 -736 -687 250 5000 6000 6154 6000 6000 6357 6179 6000 6666 0 0 0 6001 5929 6297 7060 0 6938 5637 6668 6506 6666 6668 6666 6666 6668 6666 6049 6189 6250 6391 6400 6317 6397 6668 6666 5963 6000 6000 
-749 -695 -843 -1125 -855 1022 * * * * * * * * * * * * * * * * * * * * * * 3728 -505 -995 -1038 -766 -801 -250 5882 5788 6140 6000 6387 6000 6212 6000 6000 6000 6001 6157 6000 6000 6024 7098 6664 6000 6800 6668 6666 6923 6666 6664 6668 6670 6666 6664 6666 6382 6670 6449 6668 6336 6668 6474 6000 6153 6668 6000 
-596 -668 -945 -1033 -1020 * * * * * * * * * * * * * * * * * * * * * * * 5554 -548 -921 -1048 -583 495 341 5725 6000 6668 6666 6351 6211 6385 6666 5982 6156 6666 0 6228 6081 5770 6600 6581 6234 6666 6923 6923 6800 6666 6666 6664 6666 6670 6664 6666 6400 6668 6387 6668 6500 6668 6666 6334 6000 6666 6437 
0 -761 3830 -510 * * * * * * * * * * * * * * * * * * * * * * * * 5612 -885 -896 -886 -685 5451 5594 6000 6666 6791 6815 1089 6505 6668 6666 6668 6344 6668 6000 6162 6000 6338 6666 7406 6000 6027 7141 6923 7086 6923 6666 5958 5953 6668 6668 6002 6668 6664 6265 6666 6668 6668 6775 6668 6464 6666 6663 
* * * * * * * * * * * * * * * * * * * * * * * * * * * * 6275 -398 -481 -526 -426 6011 5500 6000 6000 6560 * * 6510 6666 6000 6666 6308 6713 6258 6163 6141 6666 0 6134 5976 5881 6668 7145 6875 7141 7064 6238 6996 6923 6668 6000 6379 6000 6668 6666 6668 6666 6736 6666 6666 6361 6534 
* * * * * * * * * * * * * * * * * * * * * * * * * * * 5754 -305 -337 -497 -303 4997 5889 6000 6181 6003 6639 * 2914 6666 6666 6000 0 6670 6670 6482 6064 6691 0 7000 6293 5812 5766 6666 7230 7000 7142 7034 7144 6923 6923 6666 6471 6668 6668 6668 6668 6280 6421 6773 6658 6000 6666 6657 
* * * * * * * * * * * * * * * * * * * * * * * * * * * 5998 5390 -247 -652 5000 5000 6000 5000 6000 6666 6402 -188 6729 6666 6666 6534 6666 6666 0 6666 6666 2000 7412 6921 0 7141 0 7388 7142 6979 7142 7173 7112 7142 7141 6668 6666 6000 6480 6668 6468 6743 6730 7000 6663 6471 6342 6560 
* * * * * * * * * * * * * * * * * * * * * * * * * 5082 5004 5000 0 -549 -312 6666 7142 6677 6000 6000 6503 6775 3995 6660 6003 6666 0 6923 6579 6868 0 6623 7174 6923 2000 0 0 7142 7142 6765 7142 7080 7251 7111 7145 7142 6824 6668 6500 6668 6666 6668 6813 7068 6742 6830 6645 6773 6716 
* * * * * * * * * * * * * * * * * * * * * * * * 6123 4933 5000 5208 0 -281 6205 6000 7044 6665 6666 6001 6710 6411 6668 6668 6276 6663 0 0 0 0 3333 6734 6666 7542 7806 0 0 0 7049 7130 7201 6989 6923 7165 7024 7144 6923 6314 6601 6666 6923 7407 6971 6812 6942 6816 6885 6923 6615 
* * * * * * * * 3068 4291 345 * * * * * * * * * * * * 4180 5000 -577 5405 470 -395 -326 0 6001 6666 6923 6909 6460 * 7007 6669 6663 6516 6515 7229 6956 6743 0 0 3333 7360 7609 8003 7363 7145 0 6950 7115 7197 7212 6900 6956 7172 7136 6875 6668 6800 6914 6933 6677 7295 6863 6738 7056 6966 7191 7413 
* * * * * * * * 5398 4726 * * * * * * * * * * * * 5939 7027 -729 -656 -13 -142 -233 -312 5769 6263 6666 6554 6825 * * 6695 6841 6668 6714 6975 0 6908 7072 6666 0 0 0 7542 7484 7364 6666 6988 7064 7289 7406 7212 7211 7212 7450 7329 7021 6802 6847 6940 6923 6984 7287 6366 6998 7142 7500 7668 7480 
* * * * * * * * * 4766 * * * * * * * * * * * 4986 -829 -824 -757 -266 -212 -204 -54 404 6000 6277 6474 6988 6275 * * * 6597 6000 0 6970 6666 6726 6860 0 6854 0 0 0 0 7213 6941 7141 7178 7241 7178 7297 7382 6892 7325 7500 7500 7297 6984 7142 7116 7096 7647 7016 6442 7001 2578 2867 6839 
* * * * * * * * * * * * * * * * * * * * * 4433 -659 -724 -326 -248 -516 61 5000 5732 5423 5847 6723 6522 6563 * * * 7062 6668 6525 0 0 6842 7000 7121 7167 7059 6871 0 -769 7141 6921 6907 7704 7704 7472 7541 7418 7416 7600 8000 7737 7714 7330 7542 7172 7192 6906 7300 7386 7020 2511 8459 8551 
* * * * * * * * * * * * * * * 6032 * * * * 5942 6000 -742 -875 -822 -745 -399 -407 5602 5840 5585 6000 6250 6767 6585 * * * 6000 6001 2340 6927 6245 6643 6843 6862 6672 6666 6989 8125 8650 5998 7108 7059 7213 6000 7539 0 7487 7400 7821 7956 8000 8054 7521 7445 7495 7500 7128 7008 7059 7146 5245 3333 8628 
* * * * * * * * * * * * * * 5552 5042 * * * * 4188 5280 -857 -1024 -699 -367 -30 0 6162 5998 6000 6495 6400 6489 7006 5167 * 5661 6125 6257 6456 6614 6445 7093 6107 8388 7629 7237 6864 8010 8714 6250 7474 7500 7271 6918 7577 0 0 7677 7803 8018 7889 8000 -2000 7835 7347 7386 6250 6730 5944 3333 6155 3333 8690 
* * * * * * * * * * * * * 6851 5800 * * * * * * 6783 -803 -883 -892 -265 0 0 6666 6666 6666 6665 6801 6669 6020 6669 6523 6075 6651 6044 6451 6303 5123 7212 7452 6782 7620 7510 7390 8000 8065 7108 7057 7140 7078 7098 7764 7712 7500 7639 7993 7686 7660 7595 6305 6787 6619 4697 3333 8486 8667 3333 8504 7493 8692 
* * * * * * * * * 6030 * * 8444 6055 -434 * * * * * * 6826 -855 -807 -772 0 6876 6666 6789 7118 7144 6666 7142 7110 6426 6593 6255 * 5530 -606 * 6519 6001 6860 6812 6824 7304 7324 7150 8250 -2000 7504 7498 7116 6995 7151 7847 7765 7500 7850 7894 7674 7700 6674 7037 4401 8159 5229 4950 5406 8763 3333 5932 -2000 3000 
* * * * * * * * 5172 4294 2727 5986 7029 * * * * * * * 6287 6000 -754 -809 -780 6181 6793 7110 6860 7175 0 7312 7287 7203 5891 5836 6452 * * * 6012 6830 6251 7207 6984 6800 7944 7318 7763 8215 7630 7559 7301 7398 7174 7157 7718 7745 8000 7992 8041 6942 6887 7248 7549 7028 4076 4998 8737 7655 6261 8106 3333 8395 3333 
* * * * * -1683 * 4293 4708 4407 4564 4998 6322 * * * * * * * * 6004 -662 -758 0 6585 6928 7098 6914 7152 0 7255 7392 6773 6102 6023 7131 * * * 6345 6050 5475 7273 7423 7089 7218 7388 7638 8179 5625 7542 7354 7141 7329 7291 7535 7640 7691 7837 7653 7810 7729 7197 7385 8740 8431 8672 8549 8609 8269 7493 7559 6805 0 
* * * * * * 5582 5504 4299 4633 4895 5547 * * * * * * * * * 7484 5738 -192 6001 6331 2000 5892 6730 7246 7407 7316 7237 6477 6001 -579 * 7232 * * 6507 6087 6510 7338 7028 6896 7446 7614 7638 7941 5696 7508 7126 7200 7259 7500 7644 7171 7484 5524 7769 7881 7250 7900 7471 8854 8620 6756 6510 3333 8370 7397 7457 5150 3333 
* * * * * * 5061 5429 4263 4950 6418 5935 6226 1147 * * * * * * * * 6104 5998 6000 5627 * * 6488 6931 7201 3333 7264 7090 5698 * 6223 0 * * 6152 6827 * 7595 7100 6789 7924 7500 7086 7500 7698 7392 7370 7473 7364 7266 7601 6937 7821 7908 8256 6220 7043 7714 8842 8069 8615 5302 8545 6139 8220 7859 7629 5932 2822 
* * * * * 4053 6318 4820 4201 4720 5552 6001 7782 * * * * * * * * * * * * * 6750 5453 6727 7037 7223 6923 6976 6679 6687 3690 6417 3962 * 7200 6923 7126 6665 7167 7899 7880 7557 7674 6969 7262 7248 7390 7419 7557 7674 7602 7662 7834 7878 7636 5909 6256 5515 6747 8976 8508 8661 6086 8529 3333 6450 7914 7348 5884 2827 
* * * * * * 6945 3362 5142 5248 5790 5761 7727 * * * * * * * * * * * 4485 6426 7142 7012 6831 7032 6898 7086 6767 7070 6848 5449 6923 * * 6696 6735 7216 7682 7265 7104 8234 7998 7883 8000 7195 7532 7635 7495 7322 7610 8000 8033 8070 7265 8004 6154 5795 6893 6367 3333 3333 7912 3333 3333 7340 6616 5793 8400 6590 2749 
* * * * * * 6276 4155 5829 6033 7647 7617 * * * * * * * * * * * * 5404 6567 7428 546 6096 7335 6967 6726 7035 7306 6475 * * * * 7440 7384 7695 7849 8257 7600 8097 7821 7329 7222 7405 6993 7279 8046 7901 7711 7966 7837 7743 6686 7858 5636 5421 6481 3333 6312 3333 7434 4663 3333 3333 3333 6417 6863 6579 2603 
* * * 6193 4096 7197 8191 6432 6596 5886 5928 7933 7819 * * * * * * * * * * * 6083 7332 7142 7147 * 7594 7062 7213 7450 7504 5430 * * * * 6109 7142 7262 7625 8043 7508 7394 7557 7952 8222 7606 7818 7612 8030 7500 7866 8000 8176 8048 7844 7690 6955 6250 7066 3333 6911 7335 5188 3649 3333 3333 3333 3212 6664 5998 5873 
* 7690 5262 6076 8022 8340 8687 7857 7661 7608 7269 5852 7998 * * * * * * * * * * * 6741 6547 6808 7756 7284 7983 7909 7791 6636 * * * * * * 6429 7542 7396 7655 8130 7424 7195 7540 7673 7578 7877 7606 6566 7565 7584 8000 8022 8018 8084 7531 6708 6077 6670 6996 3333 7361 3333 7827 7265 7934 3333 3820 7756 6321 6704 6750 
* 5152 8000 8213 8543 8537 8508 8440 8444 8020 8331 6242 7968 * * * * * * * * * * * 6867 7277 7425 6507 6878 7418 7844 7701 7251 -114 * * * * 5638 7378 8363 7303 7658 7657 7635 7314 7353 7437 7898 7706 7560 7500 7505 7132 6966 7640 6854 7776 7122 7523 7403 8093 3333 3333 6210 5550 7896 7824 3333 3333 3087 7450 6664 5912 6868 
* 4173 8446 8433 8420 8608 7474 3397 8009 8026 8218 6580 7835 8285 * * * * * * * * * * 6438 7065 7014 6469 5769 7197 * * 7797 4827 -576 6648 6873 6248 7176 8000 8301 8055 7138 7165 6798 7860 7429 7498 7976 7083 7500 7101 7271 7455 7671 7367 7637 7578 7500 7500 3333 3333 3333 6945 7228 3333 6861 6826 7564 3296 3333 7901 6792 6005 7407 
* 7681 8260 8779 8493 8657 6442 * * * 8059 8147 7636 7394 * * * * * * * * * * 1052 8480 7659 7328 7216 8122 8284 7463 * 6282 6871 7052 6788 6800 7618 7746 7827 7500 7428 6821 7137 7500 7076 7368 7500 7125 6979 6738 7200 7292 7777 7554 7353 7426 8223 7478 6878 7579 6313 3333 6622 6800 8143 7013 3333 7783 7966 4290 6269 6145 6611 
8278 8391 8591 8550 8602 8542 7473 6844 8213 8208 8080 7950 7209 7307 6316 * * * * * * * * * 6223 7554 8187 8163 8410 7950 8226 7591 7512 7725 7347 6928 6969 6673 7800 7415 7037 7201 7156 7217 6943 7431 7152 7490 8457 7596 7461 7222 7430 7182 7240 7313 7230 7342 7454 7417 6907 6328 7035 7207 6895 7285 7073 7117 5499 6288 6779 6255 6276 6489 6145 
5991 8343 8746 8604 8217 8240 * 8249 6375 8203 8464 8291 7734 7142 7627 * * * * * 5960 4596 6967 7951 8629 7514 7429 8417 7879 7850 7887 7776 7210 7404 6968 6836 6676 6668 7207 7316 7453 6771 7460 6675 7057 7309 7698 8072 8598 7326 7412 7441 8184 6827 7395 7315 7042 7680 3632 7623 7865 6826 7066 7063 7580 6804 7396 7063 6932 3333 5815 6324 6784 6338 5401 
8591 8513 8628 8395 9151 7557 2124 8263 8125 8141 7961 7509 8174 7823 8008 7992 * * * 6292 8577 8758 7340 7964 8180 8023 7709 7506 7358 7811 7391 7774 7341 7588 7180 7029 7392 7368 7135 7354 6897 7017 7348 7786 7366 7847 7267 7484 7644 7300 7040 7303 7542 7171 7500 8209 3333 7949 3333 8110 8103 7950 6666 8036 7899 7508 3333 7605 6653 6671 6748 7343 2005 6271 6149 
* * * * * * 8168 8431 7757 8075 8401 8146 8156 8282 8149 7843 * * * 7852 5675 7853 7785 7597 6904 8192 7600 7657 7544 7497 7610 7760 7544 7368 7231 6785 6480 6263 5839 6822 7294 7142 7307 8001 7568 7806 7371 7504 7500 6892 7013 7137 7667 7015 6953 3333 3333 3333 3333 3333 7901 8068 7709 6912 7920 7653 7827 7378 7502 7338 6426 7557 0 6941 6669 
* * * * * * 6194 8307 8299 8290 8291 8564 7992 8158 8040 7007 * * 4407 8659 7695 7500 7982 7816 7743 8160 8603 7939 8031 7461 7433 7270 7558 7380 7376 6943 6888 6911 6968 6757 6914 7235 6845 7770 7817 7529 7342 7215 7139 7664 7490 7343 7037 7332 7152 7260 3333 3333 3333 3315 3333 3333 7973 7932 7500 6601 7142 6668 6352 7116 8016 8590 6875 6957 6296 
* * * * * * 8423 8653 8671 8533 8511 7960 7689 7768 7805 7090 * 8033 6426 5334 7021 7105 8151 8217 7950 8466 8302 7846 7920 7810 7500 7701 7505 7132 6932 7500 7613 7149 7400 7285 7531 7648 7259 6958 7670 7591 7767 8325 7186 7564 7742 7605 7465 7163 7065 3333 6711 7263 3333 7235 7757 8002 8281 7624 7992 7345 7777 7541 8222 8028 7959 8973 8881 6796 5258 
* * * * 7878 8177 8406 8510 8736 8454 8015 8015 8129 8251 8224 7103 7053 6643 7167 7006 6776 4817 8138 7701 7500 8066 8321 8117 8245 8440 8427 8066 7909 7500 7535 7550 7501 7465 7425 7500 7444 7460 7075 7395 7532 7500 7782 7560 8144 7773 7581 7781 7575 7055 6748 8840 7557 7683 0 8079 7559 6530 7736 7641 7968 7578 7823 8096 8008 8328 9185 8456 8197 7386 6142 
* * * * * 8723 * 2753 * * * * * * * 7972 7190 7621 6636 7527 7594 7595 7921 7830 7945 8077 8303 7773 7626 7906 7814 7793 8470 7737 7598 7734 7142 7580 7386 7350 6737 7435 7430 7857 8211 7843 8336 7456 7566 7104 7851 7914 7647 7435 3333 3333 3333 3333 6885 7417 7501 7071 7630 7575 7094 7784 7125 8968 8707 9157 8782 8020 8873 8093 9031 
* * * * * * * * 8312 5649 7989 6936 8616 6926 7135 8128 6621 7943 8609 8442 8090 7718 7552 7962 8179 8154 8174 7549 7592 7469 7696 8114 7858 7825 7842 7721 7978 8511 7529 7188 7940 7570 8104 8337 8318 8504 8976 8994 7483 7300 7823 6367 8865 8788 8813 8587 3333 3333 3333 3333 6921 7893 7198 7480 7331 7631 4385 9101 9115 9231 9213 9052 8558 8831 8668 
* * * * * * * 847 1887 6551 7889 7979 7947 8245 7555 7285 8060 6367 8013 7943 7872 8126 7704 7878 8136 7961 7425 7788 7595 7500 7588 7500 7172 7925 7873 7710 8360 8281 7911 7816 8145 8318 8441 8687 8055 8472 8715 8588 7048 6267 5760 7312 7170 9034 7376 7918 7338 3333 7483 7302 3333 4966 7811 7184 7648 7638 8705 8787 9140 9154 9270 8883 8724 7822 8725 
* * * * * 7711 7297 7353 6400 7985 7233 8407 7611 7573 5521 6831 7515 7994 7515 8296 8258 8420 8000 7785 7994 7957 7761 7544 7782 7651 7658 7898 7617 7950 7883 7688 8690 8615 8496 8139 7608 8234 8955 9080 9075 9091 7880 8284 8159 6792 5485 6499 6221 7686 8072 8482 8106 7246 6436 6589 3333 7462 7631 7342 * * * 6283 8946 9156 8861 8718 8885 8610 8090 
* * * * * 7541 7071 7169 7619 6794 7326 7400 8430 7329 5150 5578 6210 8456 7412 8339 8195 7941 8110 7934 7927 8380 8021 8212 8062 7589 7848 7874 7492 7754 7628 7920 8605 8763 8827 8750 8819 8774 9053 7819 7945 9157 8482 8000 8101 8126 5970 6455 6685 7539 7940 8085 7636 7677 6256 4671 5445 6219 6672 4757 * 7019 6982 6891 8615 8230 9223 9232 8918 8703 8751 
* * * * * * 6782 7501 8320 7869 7458 7834 8387 7439 7198 7298 8695 8262 8337 8249 8187 8155 8064 8056 7873 7449 7583 8297 7879 7988 8075 7478 7682 7943 7891 8785 9034 9096 8925 9040 9031 8945 7724 5225 7377 9046 8760 8340 7787 7680 8433 8876 8900 7050 7337 8370 7609 6920 4886 5000 4460 7552 7137 7293 7773 6846 4117 9176 9200 9298 9224 9126 8644 8435 7959 
* * * * * * * 8055 8246 8166 7733 7479 8039 8099 8023 7813 8629 7334 7915 7994 8043 7985 7813 8356 7838 7660 8055 8219 8222 8015 7687 7846 7711 8105 8207 7946 7299 8414 8380 8882 6971 7616 7475 6182 8877 9000 8966 8417 8254 7918 8200 8925 8416 6900 8226 8700 9062 7377 * * 6119 5570 7231 6844 6702 5573 * * * * 9082 9191 8989 8675 -784 
* * * * * * * * 8434 8000 7449 7940 8302 8078 8386 7646 8225 8026 7844 7789 8232 8292 7865 7978 7795 7766 7842 7691 8081 7889 7452 8007 7934 7845 8234 8132 8424 8191 8843 7249 6448 7767 7738 8050 8976 8274 7971 7941 8113 8149 7783 9000 7279 7162 8679 8638 8930 * * * 5149 7252 7256 8687 5376 * * * * * * * * 9077 7553 
* * * * * * * * * 7740 7844 8215 7092 8155 8381 8230 8396 8281 8305 8221 8278 8224 8052 7951 7924 -634 -831 -417 -402 -674 -606 -430 8078 7971 8000 7939 8082 8351 8276 8454 6768 7404 7750 7548 9046 8623 8308 8096 8358 8917 7921 8722 5495 6992 8261 7459 6754 * * * * * 8798 8335 * * * * * * * * * * * 
* * * * * * * * * 6841 8247 7832 8494 7898 8497 8587 8552 8395 8442 8430 7875 7631 7866 -668 -808 -825 -592 -615 7758 7471 7913 7833 8145 8164 8466 7788 8253 8323 8999 8181 8125 6372 7023 8309 8984 8902 8804 8390 8731 8636 8636 9169 7555 7231 9090 7569 6870 * * * * * * * * * * * * * * * * * * 
* * * * * * * * * 8276 8314 6406 8303 8396 8356 8492 8391 8222 8337 8520 8266 8170 -563 -394 0 8774 -656 -512 7326 8203 5091 8912 8562 8522 8658 8910 8668 8986 8400 8780 5447 5952 6791 8337 9006 8935 8659 8865 8993 9145 8967 7557 6599 8109 8029 8514 * * * * * * * * * * * * * * * * * * * 
* * * * * * * * * 7720 8070 8255 7884 8365 8370 8178 8176 8223 8002 8632 8277 -617 -691 8326 8684 8663 8518 8738 8586 4933 4688 4326 8475 8412 8941 8800 8406 9051 9099 8994 8830 3067 5793 8386 8859 8914 9021 8951 8387 6863 5769 8131 8264 8621 8712 8951 * * * * * * * * * * * * * * * * * 8769 2872 
3569 * * * * * * * * 7373 7647 6414 8238 8301 8381 8230 8085 8115 8258 8540 7967 -397 8000 7681 2603 6219 5984 6156 6859 5000 5638 7863 8430 7925 8464 9027 9081 9093 8821 8821 8948 6870 8079 7142 8863 8848 7440 7743 6483 8173 8000 7885 9081 9031 8777 8985 * * * * * * * * * 8394 8336 5639 4798 5909 7497 8787 8437 8411 7981 
7341 7920 8222 7580 * * * * 8400 6669 6499 6020 7910 7973 8446 8318 7822 7777 7965 7376 7645 -732 8561 5951 7215 8276 8536 7448 7048 7130 8203 * 8056 6405 8574 7600 8030 8203 8452 8773 8711 8197 8392 7487 8890 8501 8160 7872 6289 8140 8290 9117 9088 9038 8976 * * * * * * * * 8616 8672 8621 6595 7109 8548 8734 8673 8636 8634 5619 5167 
7111 7763 7710 7108 7241 8001 8004 8096 7653 6642 4721 6678 7521 8284 8529 8538 7500 7500 4671 6596 6192 6324 8625 8664 8461 8677 8596 8551 8321 7125 6659 * * 6666 7447 7175 7621 7720 8295 8589 8068 8238 8600 8673 8869 8492 8767 8198 8327 8316 8906 9015 8993 9171 9159 * * * * * * * 8585 8589 6830 6659 6967 6453 7239 8363 7208 6702 4889 5051 5303 
5605 6015 6221 6505 6591 7280 8401 8426 8306 8311 8259 8467 7951 7424 8455 8102 6364 6435 6347 5795 6238 6713 7156 8773 * * 5856 8578 8699 8601 8478 7065 7115 * 4881 6544 6845 7732 8260 7533 8285 7964 7785 8186 8786 8756 8612 8428 8714 8877 8905 8903 8111 8362 9232 9204 * * * * * 8949 8505 7862 6340 5972 6580 6690 6339 6141 5359 5710 5563 * * 
5904 6137 6894 7438 7043 7285 7733 7920 7772 7345 0 8567 8458 8519 8419 4395 4951 * 5567 5558 7202 6421 6005 * * * 149 8548 8231 8442 8081 8203 6193 * * 7675 6209 7110 7012 7617 7061 7583 7878 8083 8561 8676 8093 8149 8519 7824 7309 8245 8119 8241 9093 9241 8769 * 9007 8131 8528 8329 7395 6686 5735 3252 5522 5527 4729 5532 * * * * * 
6218 5921 7142 6814 6592 6901 6671 4833 6502 5963 6600 6320 7420 6318 7135 6048 * * * * 7529 5314 * * * 7841 7318 8757 8708 8321 8502 7302 7797 5883 * * 1345 7563 8347 7107 7589 7142 7513 8498 8418 7473 7869 7776 7500 7647 7952 8456 8521 6341 6780 7721 8991 8828 8745 9106 8771 7611 6269 4998 5294 3789 5825 6992 * * * * * * * 
6728 5822 5478 5401 5127 5001 5600 4682 3847 5678 6169 5799 6489 7214 8018 6329 * * * * * * * * 6614 8372 6766 4640 6712 7703 7371 7662 7040 6641 5385 * * * * * 6692 7263 7200 7198 7103 7633 7593 8456 8066 8522 8303 8083 8389 6987 7848 6000 * 9013 8754 6338 6448 5987 2767 3805 6862 * * * * * * * * * * 
7130 6029 5768 7001 5371 5203 4720 4483 3112 2878 3719 4994 6945 6921 7422 7031 * * * * * * * * 7911 7815 * * * 8884 6010 7598 7334 7364 7172 6523 8135 * * * * 7377 7361 7227 8200 7243 8695 8777 8789 5551 7752 3591 7547 6796 7100 5804 6876 8100 6283 7083 5739 * * * * * * * * * * * * * * 
