includes/dem/resamp_dem.asc
north: 4595821.63632139
south: 1695848.50194831
east: 6421929.72873812
west: 2666226.81700906
rows: 58
cols: 75
[rows 0 to 29 of 58, columns 0 to 66 of 75]
* * * * * * * * * * * * * * * * * * * * * * * * * * * * * 210.9397 134.4385 124.1222 696.1349 1046.2825 815.4561 476.5792 381.5594 322.6173 277.8359 203.569 248.0387 222.2673 250.5148 313.6188 258.5991 113.8225 215.6007 76.387 88.1795 107.8313 113.7924 128.5517 76.918 94.8982 113.8822 92.2133 94.5262 46.5946 71.4663 70.4976 137.145 168.3075 153.1433 176.6814 163.4405 141.699 152.3516
* * * * * * * * * * * * * * * * * * * * * * * * * * * * * 190.6505 108.3176 346.1694 743.4236 897.9181 694.7942 486.0671 338.8135 239.6935 192.9575 195.5251 228.7601 211.3421 226.5036 303.5142 168.3507 124.3535 58.8096 40.3566 64.016 108.8911 * 117.152 73.0594 127.9722 116.5766 115.8722 100.4737 44.5048 70.0266 110.5062 140.949 135.9528 147.6681 164.8228 166.6973 132.6807 152.829
* * * * * * * * * * * * * * * * * * * * * * * * * * * * * 34.1306 181.055 387.2889 889.2699 1085.5679 593.3019 466.1029 340.6184 201.2167 172.9695 171.9356 183.9263 210.8048 224.9335 266.4972 249.8384 144.7652 116.3773 93.8965 68.9414 22.4452 19.0933 82.0764 57.0314 39.4817 32.2171 67.4851 90.1089 65.5426 69.3744 109.4316 161.249 185.2142 136.9703 179.8614 174.329 129.8909 151.4217
* * * * * * * * * * * * * * * * * * * * * * * * * * * * 313.125 127.0824 628.4707 823.4963 751.948 576.5898 541.6496 353.244 225.5394 149.7368 103.174 71.3738 100.7054 162.6563 235.5969 256.4187 257.0729 169.7499 142.2001 124.354 98.2127 31.8065 14.5187 48.1531 80.4327 124.7836 89.5164 71.4129 33.1228 59.923 130.1986 161.4282 164.507 152.6447 169.9814 178.6748 137.8709 127.5357 132.4212
* * * * * * * * * * * * * * * * * * * * * * * * * * * * 258.4342 273.5382 618.1295 850.2501 755.3597 497.8806 475.6794 348.105 175.343 66.8682 87.4231 23.9147 53.1556 120.3704 165.0085 239.8921 228.31 150.4173 143.2056 118.4097 120.5041 71.2497 30.712 31.8658 64.5406 69.0462 96.5194 95.635 47.3578 34.7632 80.4316 123.8704 139.9302 167.5171 169.7703 168.9469 133.1925 154.8558 151.5615
* * * * * * * * * * * * * * * * * * * * * * * * * * * * 148.8683 402.1665 620.9509 753.7606 680.4461 455.9911 462.8322 368.7071 194.5939 27.4266 23.8829 10.8963 18.2884 84.8207 140.9769 222.0881 209.3357 204.2583 172.8819 149.992 141.1338 104.8309 93.2384 54.8466 91.6767 92.8942 58.5836 121.2613 96.4614 68.3345 46.9177 52.6536 66.5383 87.7283 92.3338 119.2409 127.4037 156.8471 163.0643
* * * * * * * * * * * * * * * * * * * * * * * * * * * 30.7855 159.1005 506.2403 714.3948 701.2728 556.4417 436.6601 380.5439 325.95 260.0612 34.6648 23.8829 20.5691 35.5939 59.5719 136.475 198.7292 198.2272 209.7429 197.8463 199.4963 160.1678 115.8568 97.2676 130.746 172.4123 180.3163 162.3024 99.5586 124.6966 140.7496 107.1814 70.5658 118.4483 112.5219 144.9583 94.3354 167.0648 151.9132 154.2545
* * * * * * * * * * * * * * * * * * * * * * * * * * 128.1948 30.7855 198.9165 499.196 777.0794 715.8888 492.453 475.3034 318.0486 293.0396 179.3884 21.0457 18.892 33.9989 70.1649 94.9715 138.2263 172.8106 187.5066 203.2671 198.1499 219.224 194.4711 141.3039 125.7724 127.5224 166.1342 188.1191 159.5796 142.4088 88.6908 145.9672 188.4179 76.6189 176.2182 152.563 150.6972 141.4932 139.9536 149.9452 155.687
* * * * * * * * * * * * * * * * * * * * * * * * * 20.7563 128.1948 72.2088 219.3762 481.6206 604.1144 601.6152 441.5041 435.1058 371.0303 252.2934 218.3384 21.954 14.0632 37.2074 83.5381 122.8492 147.4327 159.9809 175.9768 147.7777 179.9506 192.6467 201.5071 170.787 124.85 66.7468 123.7315 157.2445 126.3581 150.5448 133.7658 139.3379 180.2342 83.4026 142.9212 165.5834 144.3526 143.6024 139.5083 159.7033 185.7672
* * * * * * * * * * * * * * * * * * * * * * * * 22.8643 20.7563 147.2666 253.9356 236.8608 499.7632 614.239 474.3752 359.2409 368.2774 377.3286 235.2703 130.9724 11.4523 14.0632 38.2918 124.2768 144.3879 138.535 120.8113 143.0498 131.0129 156.4462 174.6951 200.1956 184.3496 115.7194 46.3592 40.9731 119.492 140.5186 164.5885 137.0194 164.0908 173.7424 128.5745 127.1735 130.3978 158.1059 172.3064 163.1931 181.8683 184.0465
* * * * * * * * * 216.987 154.6837 * * * * * * * * * * * * 57.0867 46.641 107.6973 254.6097 245.7188 505.362 588.27 461.7889 355.9409 347.9024 235.9515 208.2567 85.2912 62.5418 5.875 28.6862 69.9417 155.8137 180.5654 121.2328 118.245 97.5567 110.5042 88.9194 108.045 135.794 132.672 107.7207 139.9251 55.5737 28.1646 152.6047 188.9867 140.8487 162.3868 171.0548 179.6791 176.4701 156.8711 161.9067 179.0427 183.1391 170.3563 168.2108
* * * * * * * * 200.1277 187.3866 136.9447 * * * * * * * * * * * 161.1911 81.0828 205.5122 334.2679 414.8506 487.5587 737.9584 878.3578 613.1509 365.1195 340.4718 253.1771 152.5167 45.9844 62.5418 12.7502 71.5844 101.4066 152.8963 169.3801 131.9515 134.2028 105.2579 96.6608 80.8833 82.9914 42.7202 68.8282 102.0889 147.8877 72.8261 67.8112 138.7966 161.9514 151.434 147.627 159.5905 183.3504 173.1819 166.0531 169.423 161.0012 182.4825 159.5736 155.6232
* * * * * * * * 126.3714 151.6604 116.6106 * * * * * * * * * * 318.046 361.3244 332.5047 405.9115 830.8777 876.5683 897.9161 837.2944 843.8433 639.471 404.4423 335.3668 257.0421 102.2949 67.0267 * 11.8975 77.7431 142.2606 147.3142 144.4969 115.8912 112.519 106.1935 90.4868 78.9717 52.7608 3.3928 12.3169 16.6254 77.5661 116.7769 203.8858 174.8695 128.4572 136.2468 134.6515 141.1701 154.8091 139.6831 167.4673 164.5059 162.4605 150.3023 137.5661 127.6598
* * * * * * * * 128.0433 60.2526 116.6106 * * * * * * * * * * 219.627 476.7755 800.7767 1157.9231 1184.5132 1166.5795 796.2608 835.2932 769.4826 588.766 429.9088 332.8278 228.9977 25.448 67.0267 * 13.5128 38.7908 112.5489 137.8588 126.7291 108.3423 113.9831 88.1397 75.7325 53.1555 27.4485 5.489 1 2.4713 33.392 128.8985 225.4208 189.1347 157.922 155.7503 139.3947 146.6527 141.5839 139.169 161.3587 178.6903 151.1845 131.1048 129.7026 124.3676
* * * * * * * * 128.0433 60.2526 * * * * 27.2327 106 * * * * 47.8182 403.2478 570.3147 1185.168 1304.4045 1210.5919 1116.3246 853.7934 788.3067 664.8391 633.2395 453.0038 297.0875 171.1675 31.9004 26.2619 * 13.5128 21.0012 66.3818 108.2786 110.8931 124.5486 95.8283 79.1933 55.8491 31.4134 38.6143 40.2774 2.3442 7.4651 38.0629 105.9631 189.0832 166.5676 132.4857 142.1933 139.9458 167.4724 164.0249 162.0893 143.5987 166.8517 136.4138 132.7007 134.6958 120.9702
* * * * * * * * * * * * * * 27.2327 106 * * * * 84.0637 305.2175 741.2172 873.7068 1132.3064 1359.4686 920.5282 899.0188 656.7983 709.2013 525.2583 500.0074 283.2328 166.3999 14.8278 14.1804 * * 21.8326 55.0812 100.213 114.646 97.0992 47.224 34.3095 38.8738 31.7974 44.1303 59.0614 15.9302 32.8067 40.3548 97.476 168.0618 141.5819 121.8549 110.4412 108.0329 138.2348 150.1551 126.0867 146.7406 149.6234 115.3411 131.5338 136.3846 116.9327
* * * * * * * * * * * * * 55.558 47.1252 71.1227 * * * * 84.0637 385.1751 829.3252 923.0262 1212.4424 1066.7095 836.1128 566.653 455.7553 483.5972 462.5336 282.3518 271.9976 217.6534 20.0343 14.1804 17.4225 16.6674 16.6685 41.1991 72.6001 90.055 59.0818 24.3113 27.837 45.2652 40.0713 65.0316 68.7368 34.1048 32.7544 48.6769 120.187 183.0244 147.2252 130.1578 148.459 118.1928 110.8726 138.0806 124.7321 117.592 150.137 124.7849 118.9082 136.9947 113.9616
* * * * * * * * * * * * 9.9919 55.558 57.3586 47.0578 * * * * 26.6803 238.5663 734.8775 1192.0271 1290.8206 910.3319 719.7347 436.6713 335.4937 394.6734 419.2214 296.2505 208.8189 156.5878 33.0981 17.0491 15.7477 16.6674 13.7351 18.6277 32.7028 38.2434 44.9196 10.0673 28.9773 45.2652 31.3553 67.7761 110.5711 56.8746 33.417 71.7825 137.7653 168.1495 171.0061 145.5617 157.3197 158.1937 125.7217 143.9623 125.2939 135.3891 120.0136 111.2414 108.0444 98.6314 107.0794
* * * * * * * * * * * 46.7902 5.8531 1.4303 15.3218 * * * * * 58.5973 200.9652 851.0748 1175.9498 1112.5075 802.3775 342.9551 207.2371 213.2263 200.4665 171.5616 236.8418 174.5392 68.475 41.7627 24.1402 15.0791 8.5374 10.9395 14.3088 11.5212 14.3662 44.8398 70.8285 95.0983 37.8868 53.4582 72.413 63.4351 54.053 32.083 42.7276 117.7969 195.4877 158.2794 163.3736 153.3798 145.5332 128.9919 163.85 168.5917 152.2649 116.9941 122.5762 113.4803 138.4941 165.1522
* * * * * * * 109.4279 85.6722 69.5966 164.8273 110.4519 26.9596 1.4303 * * * * * * 53.0928 131.631 661.8015 1031.547 882.5733 555.6898 317.142 71.3319 162.422 157.2366 80.7962 140.5259 66.7558 31.8614 33.751 31.4043 14.6391 * * 11.6769 11.7013 12.1574 31.1606 55.1432 63.6727 55.2653 35.8453 70.0928 91.4616 56.0911 54.2477 45.624 131.7008 222.1644 218.6696 174.4655 151.9652 137.2377 138.5943 190.3099 187.4144 153.5206 126.82 144.247 102.8708 150.7399 173.7422
* * * * * 28.1429 * 106.9213 54.0552 148.4844 187.2359 97.1514 57.1086 * * * * * * * 53.0928 57.7245 711.9023 866.2327 686.1742 372.4003 171.5428 43.101 124.0827 121.7454 47.7748 98.0968 106.1669 52.9058 30.7638 38.3201 28.5129 * * 16.5498 22.4416 9.6187 15.2484 49.9912 71.4589 100.4396 54.8436 47.332 74.5715 77.5389 88.1531 70.364 190.334 225.7036 248.0458 188.0478 146.6195 155.8227 172.0062 184.9824 149.2176 140.0693 131.1512 127.8945 123.1206 142.8625 149.0139
* * * * * 28.1429 40.8465 106.4308 224.1914 312.4681 184.1215 120.1997 125.2929 56.0931 * * * * * * 69.0552 104.9582 504.1804 569.1313 445.6997 199.0805 95.2632 20.5753 84.4169 87.7966 67.1783 106.346 98.2159 55.7781 32.417 14.2609 17.6418 9.5997 * 7.477 16.7582 5.9231 8.8285 54.9472 66.5839 92.2655 121.6731 77.4084 73.5319 118.1932 91.1629 109.0536 230.6121 235.5947 238.9889 224.9703 184.4601 197.0044 195.4215 168.0267 139.6835 133.2163 121.3687 114.8812 128.2849 136.8448 140.7525
* * * * * 46.3035 61.0574 124.2664 240.5934 377.6655 180.9592 183.5422 96.4455 56.0931 * * * * * * * 131.3323 290.9765 298.3423 216.3176 113.1514 18 22.6748 57.1809 92.0288 143.136 146.2655 157.1628 116.05 24.3032 36.1386 33.7714 5.0221 * 16.7072 34.338 21.2515 10.1726 57.7372 133.2621 114.6874 127.1714 99.8396 84.2394 171.9578 113.6335 113.5631 207.1667 225.9479 245.2455 213.0075 225.0819 201.5336 190.9704 177.3874 159.2542 146.8229 120.612 123.0083 136.6089 130.412 144.4864
* * * * * 46.3035 94.4077 210.4708 268.1067 405.2534 445.8259 348.0919 81.8022 51.5168 * * * * * * * * 233.835 218.5829 141.4 10.5077 18 7.2095 45.682 111.439 210.6338 229.6482 241.7418 147.4814 21.6294 32.3348 35.0312 7.7419 * 26.7043 36.4227 45.3544 10.1726 43.7787 139.4528 137.5968 118.1849 125.1448 111.0213 163.8117 155.9352 135.177 182.8773 198.2078 236.8657 222.2073 209.8417 224.5461 184.6132 185.8953 185.0017 175.4408 151.9909 128.4355 133.8894 141.2399 148.8916
* * * * * * 18.8475 88.127 246.1079 450.3627 447.8108 301.9455 55.9729 37.5851 * * * * * * * * * 1 23.0448 10.5077 12.6239 24.3886 37.6974 93.2978 195.2746 218.442 241.9833 147.1818 22.7776 14.0796 25.375 20.5147 * 26.7043 61.4943 98.0143 17.7685 35.3894 94.1917 105.2198 138.5908 162.6911 132.8281 155.006 163.7311 148.8614 177.1914 214.2978 233.2311 236.7783 216.3818 201.6472 185.1075 198.409 225.1811 197.8144 172.7098 138.132 156.2415 165.2832 157.0623
* * * 23.4706 89.364 100.0373 82.9873 129.8967 204.8816 151.1474 172.7803 163.9933 152.7987 * * * * * * * * * * 5.7196 5.7196 20.7834 36.1465 24.0967 7.7101 55.4698 113.6405 133.9325 133.2505 93.8304 12.7542 15.9144 7.9909 * * 24.6231 92.2351 125.1835 109.0603 66.4525 93.501 145.9922 152.6516 150.1907 150.2953 144.7393 143.1303 169.3185 178.2348 201.2669 192.877 208.5979 226.6681 223.9526 201.7349 202.355 228.0901 233.9619 200.9733 178.8169 149.5858 163.4516 157.6108
* 13.7903 87.4086 14 158.8466 119.1967 87.297 212.2712 139.3765 221.4054 322.2238 186.304 69.3546 * * * * * * * * * * 5.3821 5.3821 33.83 49.918 19.3314 21.9873 38.4101 80.6395 88.2963 61.2875 31.9984 6.3759 15.9144 * * * 19.012 57.8311 148.1973 126.0885 75.196 103.7438 155.6569 178.5979 151.8356 175.2997 164.756 160.5288 179.8748 182.4521 198.4452 199.9694 217.1336 203.4778 211.5793 207.1785 205.1426 232.4399 241.9696 204.1278 184.6502 142.8725 157.2273 160.6715
7.1452 7.1452 92.4193 85.5085 154.8093 152.2821 87.6121 119.4262 119.3461 197.5671 211.2563 250.7801 54.0486 37.178 * * * * * * * * * 5.4752 5.4752 40.2058 52.8045 11.4476 23.6905 25.4482 44.6505 76.6849 42.1301 18.6613 17.781 * * * * 10.5553 19.4163 61.0655 77.982 77.0557 113.6359 161.814 164.4602 176.6698 202.6654 185.3326 181.4264 191.5507 179.0355 196.7716 191.7729 201.5032 199.5666 191.1954 215.5162 213.8461 227.5722 231.1649 205.0002 169.536 148.1084 160.492 166.7242
57.505 57.505 89.0989 91.4166 123.6109 130.1417 107.1799 46.2061 128.9444 102.3861 187.3168 363.9754 66.9991 21.4972 * * * * * * * * * 5.4752 12.3802 30.4194 34.4918 26.6346 24.8441 22.3599 22.0584 36.4142 73.0813 39.7845 17.781 41.8882 65.3943 39.1672 33.924 21.3959 18.2288 46.1597 75.7375 100.9499 129.4913 174.704 208.737 198.6655 225.024 192.0625 160.9062 167.3416 160.7625 165.7589 177.724 183.8632 194.2038 175.0862 219.1836 219.8852 238.5847 208.1323 191.2413 189.5167 128.5381 157.0233 136.9475
-19.8002 57.3644 86.8954 81.7667 96.3909 123.2277 106.6524 17.2215 147.3908 117.19 220.5376 339.7868 89.4494 102.6155 20.5894 * * * * * * * * 2.0057 4.0556 14.3381 25.8924 31.1817 16.9049 17.0106 21.3334 10.1342 65.217 44.4792 16.5227 18.7247 66.8505 23.8292 41.0379 58.8965 43.4673 108.7605 186.2649 126.388 132.3323 160.4032 165.1659 176.0336 236.3501 182.3559 152.1089 148.3266 143.9648 150.6057 158.927 180.2672 165.2504 165.4053 213.7027 211.97 232.8863 221.1029 207.776 206.5176 142.5399 138.864 142.4716
