includes/dem/resamp_A2016113.250m_16_days.asc
north: 4595821.63632139
south: 1695848.50194831
east: 6421929.72873812
west: 2666226.81700906
rows: 58
cols: 75
-402 -458 -777 -443 50 * * * * * * * * * * * * * * * * * * * * * * * * 0 -346 -542 -740 -800 -733 -798 -190 -2 441 219 236 692 595 146 263 512 5662 5521 338 339 968 -227 -297 4384 4859 6000 5771 6000 5443 5059 5436 4997 4432 4480 3887 4995 5000 5000 5000 5602 6000 6000 5000 4677 5000 
-802 -825 -331 -832 -842 * * * * * * * * * * * * * * * * * * * * * * * 3966 4076 -227 -626 -766 -717 -678 -884 -26 54 98 825 742 770 6003 530 295 6000 6000 5593 5843 4928 * * * 4479 5000 5419 5827 6000 5617 5000 5000 5000 4995 5000 4684 5000 5746 5000 5961 5000 6000 5000 5002 4997 4674 
-775 -817 -895 -809 -255 -584 * * * * * * * * * * * * * * * * * * * * * * * 4567 -667 -692 -689 -661 -888 -102 -82 693 157 5500 5570 5000 6000 5002 1066 -687 6000 6000 6000 5325 3344 5361 6150 5778 5294 6000 6000 6000 6000 6000 5000 4997 4995 5000 5000 5002 5000 6000 5000 6000 6000 4997 5000 5058 5000 
-401 -393 -759 -778 -493 -803 * * * * * * * * * * * * * * * * * * * * * * 5432 -539 -620 -710 -1033 -517 -478 484 -106 1133 428 5208 5572 6000 5000 5486 5000 5751 6000 6000 5479 5385 5551 5000 5000 6000 6668 6666 5905 6000 4997 5000 5000 5002 5000 4997 5000 6000 6000 5997 6000 6000 4997 5000 6000 6000 5790 
-385 -393 -371 -785 -883 * * * * * * * * * * * * * * * * * * * * * * * 5337 -716 -785 -1033 -1003 -882 0 -24 1923 5826 5741 5000 5840 6000 5639 5480 5644 6000 6320 6016 6137 5682 5888 5483 5284 5512 5731 7000 6668 6666 5858 5000 5000 5000 5002 5000 5002 6000 5997 6002 6000 6000 5862 6000 6000 6000 6000 
0 -263 3338 397 * * * * * * * * * * * * * * * * * * * * * * * * 5434 -744 -801 -1016 -1058 1 122 548 351 6432 -684 5167 6485 6486 6049 6065 5692 6151 6000 6000 6000 5832 6000 5996 6000 5903 7139 6668 6800 6923 6000 5680 6000 5359 5357 4997 6668 5691 5997 6004 6004 6000 6080 6302 5802 4997 6000 
* * * * * * * * * * * * * * * * * * * * * * * * * * * * 4839 -720 -840 -932 91 399 0 5758 5173 5399 * * 6661 5998 6000 6078 6250 6000 6250 6059 5829 6000 -715 5841 5707 6668 6666 6664 6668 6666 6666 5873 6400 6000 6000 6511 5000 5000 6000 6668 6668 5997 5997 6191 5000 5000 6004 
* * * * * * * * * * * * * * * * * * * * * * * * * * * 4588 -300 -340 -986 -453 718 491 6000 5126 5522 5875 * 3083 6663 6250 6091 5996 6334 6372 6000 6000 6265 -377 6018 6000 5580 6000 6266 6668 6668 6666 6000 6666 6000 6668 6435 6000 6000 6000 6000 6668 5997 6002 6002 6002 5002 5002 5993 
* * * * * * * * * * * * * * * * * * * * * * * * * * * 5967 -224 -318 -215 0 215 318 674 6001 5297 5806 * 6666 6000 5996 6424 6664 6000 6302 6000 5987 6000 6473 6668 0 6666 6303 6905 6664 6666 6666 6398 6668 6666 6666 5995 6000 6004 6469 5997 6000 6000 6000 4997 5580 5002 4000 6000 
* * * * * * * * * * * * * * * * * * * * * * * * * 5052 5475 -103 0 -945 -965 -113 5746 5714 5970 5994 5557 6956 7078 6666 5992 6003 6384 6800 0 6668 6000 5979 5998 6663 6000 0 0 6666 7142 5995 6923 6666 6471 6668 6923 6668 6002 6000 6000 6004 6666 6000 6000 6000 5000 3333 3946 5997 6002 
* * * * * * * * * * * * * * * * * * * * * * * * 4762 5000 5018 -249 -182 -924 0 5532 6000 6000 6000 5908 6510 6902 6552 6593 6250 6430 0 0 0 0 0 6190 6671 6668 6359 0 -2000 -2000 6000 6664 6666 6664 6668 6664 6000 6666 6004 4995 6000 6493 6433 6000 6000 6000 3335 5375 6000 5997 6000 
* * * * * * * * 3427 4078 5279 * * * * * * * * * * * * 5705 4786 -532 79 -267 -314 -735 0 0 5726 6635 6000 5549 * 6408 6783 6347 5810 6005 0 6168 6000 0 0 0 6666 6923 6000 7037 6603 -1428 6000 6668 6666 6666 6668 6666 6002 6664 6000 6002 6000 6002 6000 4082 6668 6666 5000 5942 6000 5535 5995 
* * * * * * * * 3784 4541 * * * * * * * * * * * * 4575 5739 -687 -403 -338 -503 -303 -815 -429 0 6379 6583 6376 * * 7025 6663 6361 6668 0 0 0 5000 6000 0 6666 0 0 6666 6000 6000 6600 6666 6668 6664 6000 6000 6000 6000 6000 6668 5995 6178 6000 6004 6666 6000 3333 3335 3600 5000 5715 5615 
* * * * * * * * * 5389 * * * * * * * * * * * 5063 -357 -422 -471 -361 -232 -260 -104 -315 5698 6273 6803 6668 5973 * * * 6001 6250 0 6519 0 0 6129 0 5000 0 -1428 -1428 0 6471 6668 6666 6800 6000 6000 6000 6000 5997 6000 6000 6000 6336 6923 6666 5852 5997 3331 3335 3335 5000 3333 3333 4284 
* * * * * * * * * * * * * * * * * * * * * -316 -291 -336 -374 -270 -234 -336 -407 23 5960 6135 6704 6666 6053 * * * 6464 6573 6476 0 0 0 6000 6666 6666 6000 6668 -1428 6130 6000 6000 6112 6000 6159 5667 5859 6182 6002 6000 6000 6002 6000 6923 5997 6485 6160 3333 5000 5000 3333 3333 3333 4180 
* * * * * * * * * * * * * * * 6467 * * * * 4615 5455 -386 -300 -353 -308 -258 -408 -543 -331 6000 6307 6572 6671 5811 * * * 5217 5998 2380 5000 4432 6000 6471 6636 6805 6834 6612 6463 6000 6180 6000 6000 6000 5712 6278 6506 6000 6000 6000 6000 6000 6004 6668 6668 6000 5909 6664 6343 5577 3335 3333 2661 2785 
* * * * * * * * * * * * * * 5307 6238 * * * * 5940 -192 -309 -321 -329 -237 -211 3333 6418 5889 5998 0 6332 6666 5889 5529 * 4551 4810 3921 3333 6000 5000 5965 7346 2717 6849 6737 5913 6666 6666 6000 6084 6000 6304 6693 6000 6398 6671 4965 3333 3333 3337 6098 6666 6000 6668 5000 3333 3333 3333 3646 3800 3333 5428 
* * * * * * * * * * * * * 4472 5550 * * * * * * 6054 -400 -368 -336 -141 68 3333 6668 6668 6666 6712 6759 6657 6100 6085 5478 5401 6242 5442 5369 5708 5603 6613 5434 5972 6666 6668 6671 6964 6822 6535 6655 6315 6000 6492 3333 3333 5000 5740 3773 6000 3333 4013 6133 4209 3333 3333 3333 5853 5000 3333 3333 5002 5575 
* * * * * * * * * * * * 7494 6197 * * * * * * * 6330 -327 -358 -349 -243 6668 6067 6861 7032 6923 6665 6923 6668 6127 6464 6033 * 4351 2833 * 5742 5705 5452 5812 5891 6885 6960 6666 6923 7099 6668 6666 6000 6474 6001 6243 5802 6000 6000 3333 3333 6000 6040 6000 3419 5434 3333 3333 3333 4997 3333 2630 3333 2512 
* * * * * * * * 4670 4257 1763 5895 6768 * * * * * * * 5355 5725 -421 -355 -432 0 6467 6602 6820 6991 6668 6923 7097 6003 5598 5387 5919 * * * 6000 5209 5451 6265 6292 6212 5000 6972 6666 6668 6205 6000 6666 6666 6273 5857 6000 6007 6592 6000 3892 3337 6000 5996 3721 6000 3600 3510 3333 3333 3333 3333 3333 4435 0 
* * * * * 6129 * 4560 5095 4543 5000 5078 6000 * * * * * * * * 6284 -249 -270 0 6380 6693 6000 6000 6937 7330 6665 6868 6923 6559 6250 5132 * * * 5340 5600 5105 6250 6194 6000 6001 6671 6553 6409 5577 6426 6892 6343 6444 4900 4982 5980 5880 5699 6445 6000 6280 6340 6410 6000 6165 6000 3333 3333 5000 4997 5000 5086 3333 
* * * * * * 5074 5533 4073 4937 5450 5556 * * * * * * * * * 6039 -150 -180 5000 5984 5004 3653 6601 6092 6905 6622 6305 6241 6003 5714 * 7546 * * 5537 5716 6032 6000 6003 5938 6000 6711 6132 6000 5612 6757 6666 6666 6449 4885 4282 5996 5673 3333 4133 6478 5000 6612 5998 5812 5658 3333 3333 2770 6312 5004 4459 3333 2544 
* * * * * * 5805 5453 4243 4905 6252 7132 6518 3453 * * * * * * * * 5553 6210 5849 5692 * * 6027 6556 6447 0 6665 6931 6323 * 6279 5738 * * 6538 6207 * 5453 6000 5625 5000 6134 5460 5695 6668 6628 6666 7144 6000 5601 6001 5116 6013 5805 5457 4922 5558 7192 5665 5188 7378 3292 4537 3333 6366 5000 3333 4265 2412 
* * * * * 3079 5258 4750 3457 5105 318 5712 6871 * * * * * * * * * * * * * 5858 5233 5870 6520 6305 6905 6669 6666 6309 2440 6730 370 * 5851 5944 6000 5950 6245 6001 5000 5159 5670 5492 6234 6250 6351 6716 6666 5783 4950 3748 6000 6001 5709 4532 5458 6130 5621 7602 5737 7500 5288 4579 3333 4070 4651 3333 4306 2440 
* * * * * * 5439 3913 5812 4608 5280 5975 5308 * * * * * * * * * * * 5417 6001 5453 5045 5988 6371 6206 6322 6372 6663 6608 5757 5791 * * 6339 6253 6334 6080 6669 6427 6147 5000 5687 6000 6668 6345 6668 6427 6330 5900 5000 5082 4995 6023 5716 5262 4498 3333 4984 6060 5919 7517 6220 3333 3333 3333 2857 3333 3333 2416 
* * * * * * 6477 3615 5885 5384 7149 7484 * * * * * * * * * * * * 5161 5971 6375 6442 4591 6155 6000 6298 6290 6907 6581 * * * * 7212 6480 6492 6522 6916 7016 6139 5377 5756 5460 6000 5961 6636 6131 5220 6332 6029 5400 4428 4765 6000 5078 3333 3333 3333 6666 3723 6728 3333 3333 3333 3333 2714 4269 2592 2498 
* * * 5857 4966 6698 7870 7075 6638 7279 6449 7322 6760 * * * * * * * * * * * 6046 6664 6587 6827 * 5047 6124 6666 6666 6407 3769 * * * * 5235 6924 6810 6591 7054 6704 6557 5998 5793 6148 6000 6080 6120 6947 5189 4560 6736 7019 5494 6000 5713 6102 3333 3333 3333 5000 3333 3333 3333 3333 3333 3333 2579 4515 2669 2522 
* 5351 4712 6502 7071 7841 8122 7415 7314 6322 6554 6210 7738 * * * * * * * * * * * 6638 5366 6151 6807 6780 6168 6776 6832 6198 * * * * * * 2593 6929 6788 7000 6812 6683 6117 6787 6000 6668 6000 5756 5829 6686 5675 6972 6666 6641 6000 6000 5268 6064 3333 3333 6322 3333 3333 3333 3333 3333 3333 3333 2576 6128 4699 5981 
* 4116 7261 7285 7044 8070 7715 8194 8145 7422 8140 6250 7122 * * * * * * * * * * * 6494 6507 6197 6982 7018 7653 6658 6896 7049 * * * * * 6261 6316 7175 6376 5424 6881 6717 6983 6525 6754 6115 6670 6587 6562 5000 7081 6578 7153 6669 6287 5594 5820 3333 3333 3333 3333 6733 6055 6923 5978 6961 3333 2405 2418 4049 5378 2669 
* 4319 7487 7398 7683 8000 7993 6175 6395 7669 4992 5580 7520 6674 * * * * * * * * * * 7399 6747 7472 6400 6124 7137 * * 6882 -1384 * 6086 5998 6124 6816 6455 7302 6890 6983 6669 6668 6665 6231 6966 6424 6743 6430 6666 6387 6434 6379 6669 6597 6720 6423 6571 3333 3265 6640 6905 5706 5273 6974 3333 3333 2635 2356 2307 2243 4385 6129 
* 7500 7262 7439 7955 7500 4484 * * * 6983 5806 7770 7648 * * * * * * * * * * 8046 7887 7359 7936 8328 7050 7678 7744 * 6648 6339 6262 6648 6174 7374 6696 6986 0 7028 7128 7000 6859 6741 7078 6713 6427 6398 6668 6530 6764 7184 6186 6724 6828 5715 6563 6040 3333 3333 6291 6435 5131 6124 7177 3333 2778 3333 3548 4145 5134 6650 
7581 8053 8432 8580 8377 8112 7745 4727 8213 7770 7048 6796 6825 6588 6207 * * * * * * * * * 7162 7824 7277 7644 7405 7371 7395 7520 7189 7000 6858 6668 6655 6968 7086 6648 6843 7142 6778 6763 6666 7063 6823 6803 6563 6250 6666 6767 6448 6901 7000 7083 6709 6396 6671 6413 6839 3333 6766 6176 6368 6387 5887 3333 3333 3745 4663 5645 5630 5374 6519 
5378 7587 8313 8185 8098 7708 * 7829 5604 7000 7753 7767 6803 7077 7078 * * * * * 6784 8524 7471 7114 8378 7839 7231 8143 7365 7114 6827 7304 7390 7443 6861 7000 7142 6451 6050 6843 6703 6691 6042 6542 7000 6964 6641 6179 6324 6447 6632 6668 6239 6636 6626 6483 6511 6736 3333 6997 7163 3931 3333 6349 6300 6568 3333 3333 3333 2972 2943 5711 6190 6282 6244 
7619 8023 7186 8622 8404 6207 6954 7192 6928 7548 7408 7300 7297 7537 6686 6586 * * * 5123 8767 8705 5368 7254 6807 7429 7308 7179 7230 7187 7539 7529 6949 7157 7144 6958 5951 5640 6045 6000 5854 6352 6411 6955 6882 7142 6963 6547 6553 5000 6523 6789 7024 6505 6386 6143 3333 3333 3333 6873 3333 7042 6895 7119 7352 6312 6498 3272 2607 6242 6017 6818 5940 2301 6110 
* * * * * * 7873 7403 6877 7118 7341 7669 7844 7815 7265 6482 * * * 6188 6906 7582 6090 6559 7604 7543 7560 7028 7233 7404 7500 7250 7099 7292 6989 7181 5959 6200 4660 4887 6156 6474 6696 6299 7010 7047 6378 6404 5904 6115 5875 6651 6300 6436 0 3333 2980 3066 3333 6480 7376 6405 7332 6683 6910 6854 6601 6778 5642 6227 5445 5385 6580 2464 6385 
* * * * * * 4774 7595 7125 7858 7191 7264 7299 7220 7668 5235 * * 5307 8288 7210 6923 6898 7638 7490 7379 7487 7288 7346 7366 7503 7256 7575 7433 7344 7156 6832 6688 5912 5898 6023 6615 6268 6802 6808 6900 6453 6557 6247 6657 6000 5998 6200 6444 5450 3333 2946 3333 3200 3333 3333 3333 3333 7367 7878 6611 6735 5382 5263 6482 6474 5937 6343 6991 6837 
* * * * * * 7738 7648 7507 7839 7482 7263 7200 7658 7088 5629 * 6425 5103 7045 6681 7048 6886 7526 7506 7782 7627 7427 7167 7605 7544 7483 7260 6893 6991 7547 7401 6891 6418 6001 6001 6615 6501 6000 6691 6535 6592 5889 6980 7072 6305 6430 3315 2835 2860 3333 3333 2907 2925 3333 3333 3333 3333 3333 7240 6952 6297 6001 5883 7162 6796 6745 6991 6562 5619 
* * * * 4980 6696 7287 7521 7691 7051 6709 7044 7050 7740 7500 7295 6423 6711 6213 6912 6579 6677 7695 7356 7121 7500 7560 8147 7203 8008 7808 7771 7225 7517 6766 8352 7769 7308 6552 6448 6946 5876 6465 7845 7297 6859 6923 6829 7285 7233 6531 3333 3333 2996 2925 2788 3018 2993 2826 3330 6959 3333 3333 3333 6927 7159 5613 7503 7109 5869 8223 7011 7232 7654 5730 
* * * * * 6977 * 5104 * * * * * * * 7372 6943 6367 6944 6843 7340 7504 7447 7597 7334 7500 7693 7500 7581 7319 7822 7467 7357 7242 7165 6900 7384 7391 6719 5741 4727 6688 7779 7087 6984 6717 6939 7550 5971 3263 5869 6915 3333 3336 3333 2884 3333 2929 3333 3333 4000 2679 6013 3051 2883 6648 6120 3333 8788 8789 8461 9120 8073 7455 8913 
* * * * * * * * 8252 6815 7140 4653 7481 7751 8051 7834 7860 6936 7875 7317 7325 7500 7610 7553 7456 7700 7460 7515 7500 7363 7493 7415 7500 6805 7336 7445 7350 7257 6425 6472 7069 7058 7088 7004 7181 7457 7699 6902 6585 6046 7130 6156 6976 8159 2673 3333 3333 3333 3333 3333 3330 6472 3333 6412 6891 5739 8967 8988 8950 9078 9042 8723 9166 8719 8971 
* * * * * * -1928 3612 4638 6852 7534 7450 7802 7450 7636 7631 7532 7168 7412 6863 7139 7180 7142 7248 8140 7777 7719 7395 7500 7307 7400 7488 7357 7707 7622 7355 6665 7576 7141 6900 7142 7259 7372 7155 7600 7553 7416 7887 7272 6643 6478 7876 7610 7486 8332 6227 6813 3333 3333 3333 2789 2688 2996 3333 6182 3823 9059 8962 9067 9054 9099 9151 9183 7821 7485 
* * * * * 6970 6461 7183 7198 7132 7042 8012 8000 7931 7577 7855 7343 7930 6973 8109 7666 7500 7300 7500 7989 7400 7624 7282 7801 7497 8000 7827 7648 7717 7650 7085 7681 7389 7141 6882 7045 7475 7886 8240 8387 7949 6885 7195 7433 8642 6217 6135 7752 6863 7831 7872 7323 6357 5991 5169 3333 2622 2550 2503 * * * 3333 9021 9039 8980 8774 9166 9241 6898 
* * * * * 7462 6883 7242 7347 7162 7547 7747 7945 7668 7577 7487 7228 7393 6424 7808 7558 8000 7500 7337 7790 7744 7887 7392 7797 7600 7754 7668 7693 7802 7581 6395 7090 7905 7783 7552 7340 7838 7802 8061 5777 8021 7811 7387 7482 7318 5307 7161 6248 6370 6356 6592 7597 6613 6287 4274 2493 2666 5528 5035 * 6762 6781 3018 2919 9053 8909 9084 8794 7589 6655 
* * * * * * 7398 6805 7386 7958 7457 7751 7749 8000 8113 7478 7734 7784 7785 7717 7246 8336 8028 7994 7790 7463 7354 7639 7537 7472 7282 7758 7949 7888 7839 8100 6565 7328 7750 7829 7500 7658 7820 4831 7087 6976 7706 7208 6967 7307 7525 6636 6403 5984 6009 6754 6000 6665 3666 2687 4389 6824 5869 6665 6868 7230 6250 7044 8566 8910 8857 8896 7536 6400 6845 
* * * * * * * 7666 7268 7853 8218 7866 7573 7901 7780 7447 7467 7232 7393 7613 7800 7715 7684 8053 7576 7360 7585 7732 7776 7628 7941 7958 6998 6666 7383 7314 7157 5588 7848 7639 7320 7916 7951 6939 7406 7994 7757 7590 7777 6780 7582 8211 8657 7284 7500 8354 8683 578 * * 4930 5397 5247 4702 6244 7035 * * * 4323 7570 8807 8800 -400 -608 
* * * * * * * * 7537 7420 8189 8041 7721 8158 7898 7309 7553 7754 8212 7606 7987 7956 7924 7980 7689 7928 7926 8139 7645 7080 7400 7164 -331 6797 7588 7806 7239 7101 7363 6315 6797 7446 8304 7716 7792 7500 7793 7573 8168 7079 7187 8676 6254 6264 7502 8799 8709 * * * 4463 4671 8524 8496 4326 * * * * * * * * 8234 8513 
* * * * * * * * * 7438 7807 8136 7715 8146 8610 8119 7909 8170 7551 8067 7853 7911 7919 7879 7952 -381 -295 -363 -369 -622 -654 -365 7692 7252 7447 7561 8121 7366 7496 6928 6119 7555 7361 7989 8711 7990 7621 7655 8238 7995 7894 7708 5073 6132 6423 3333 5238 * * * * * 7442 6034 * * * * * * * * * * * 
* * * * * * * * * 5010 7849 7728 8000 8368 8417 8044 7963 8434 8296 7897 7502 0 7631 -350 -346 -430 -387 -364 7594 273 274 7626 7524 7461 7686 7658 7390 7881 8326 8492 7084 7213 7396 8306 8138 8332 8449 8004 8123 7998 7934 7961 7798 7001 8920 4482 5552 * * * * * * * * * * * * * * * * * * 
* * * * * * * * * 7684 6648 5595 7501 8072 7166 7916 7539 8033 8100 7804 7480 7584 -530 -350 0 0 -496 -197 7733 8138 5946 8335 8277 7831 8189 7348 8487 8928 8760 8043 6735 3333 7450 8537 7827 7970 7692 8196 8305 9003 8400 6583 6654 8471 8177 6430 * * * * * * * * * * * * * * * * * * * 
* * * * * * * * * 6294 6954 7537 7015 8270 7896 7365 7831 7659 7801 7477 7544 -570 -423 7554 7585 8044 8264 0 8197 4610 4296 5396 7423 7780 8140 8690 8386 8796 9019 8580 3669 9050 5665 7770 8502 8740 8722 8146 7764 6907 5981 6883 8464 9066 7794 9156 * * * * * * * * * * * * * * * * * 8431 6497 
7412 * * * * * * * * 6314 6365 6561 7489 7906 7923 7901 7536 7752 7699 7000 -599 -475 -327 7984 1735 4780 4813 4915 6152 3707 4007 5338 7890 8477 8200 8365 8415 8737 7909 8532 8836 7463 7609 6785 8872 8607 7837 7500 7571 8807 7183 8816 8916 8578 8398 8822 * * * * * * * * * 7762 8010 3157 5808 -1483 7105 8570 8627 8443 7279 
6725 7356 7867 7568 * * * * 3936 6063 6666 5924 7574 6918 7983 7824 6987 6989 7500 6600 6438 -452 7697 7153 7822 7964 7980 6809 6377 5023 2259 * 8654 8116 6712 5981 7473 8161 8177 8485 8510 7842 8169 7489 8228 8217 8350 8344 6883 8320 7988 8808 8937 8900 8086 * * * * * * * * 8081 8591 6748 6923 7313 7688 8473 8638 8558 8446 4042 3406 
5632 6357 6596 6194 6806 7424 7284 7498 7244 6460 4995 6980 7769 8078 8023 7424 6518 7142 6852 5552 5715 -289 7154 7827 8063 7945 8154 8193 8007 8081 6033 * * 4389 6697 6735 6105 5131 7524 8010 7585 6984 7933 8634 8668 8166 8430 8444 8173 8633 8133 8454 8582 8684 8983 * * * * * * * 8970 7315 5877 5998 6086 5927 7455 6301 5746 4659 3333 3843 4112 
5826 6000 5037 5478 6280 6726 7392 7478 7074 7868 7877 7856 7803 5648 7729 7505 6685 5604 6065 5650 6630 6339 6696 8024 * * 6346 8100 8500 8181 8048 7788 8400 * 4379 6685 5864 7358 7406 6284 8080 7677 752 7516 8511 7486 7828 7844 8199 8416 8966 8746 8538 8685 9109 9400 * * * * * 8707 7612 6276 6071 4842 5584 5628 4892 4521 4356 4123 2841 * * 
5429 5996 6092 6566 6312 6117 6789 6700 7147 6825 -692 7648 7870 7440 7273 3855 3063 * 5154 5833 7101 5934 7621 * * * 6857 8377 8226 8462 8240 7967 7323 * * 8024 6419 6305 6937 6800 0 -181 7698 7716 8245 8436 7120 7616 8125 8055 8182 8770 8000 8016 8954 9128 9291 * 7532 8665 8831 9000 7491 6256 4856 3440 4581 4187 3935 3610 * * * * * 
5793 5850 6742 6542 6338 4874 6483 4852 6579 5736 6000 6059 6591 6359 7257 6290 * * * * 7219 5302 * * * 7643 5685 8698 8479 7941 7722 7284 7684 2389 * * 7820 7522 7956 6511 5766 7777 757 7834 8572 7602 7598 7965 7347 7504 7500 8055 8890 6835 7229 7519 8872 8801 8854 9088 8814 7181 6666 4342 4014 3009 2507 3734 * * * * * * * 
7104 5575 5357 5000 4666 4768 5471 4758 3469 5241 5215 5978 6042 6500 7780 6278 * * * * * * * * 7715 6107 4705 1779 8094 7711 8162 6640 6922 7400 5716 3985 * * * * 6583 7571 7071 7500 7793 8006 7664 7642 7925 8021 7492 7492 8502 7619 6945 7026 * 9351 7721 6975 6219 4272 3184 3648 5531 * * * * * * * * * * 
6820 6575 5744 5891 6000 5318 4210 4828 4061 3006 4320 4720 6000 6121 7261 7801 * * * * * * * * 8217 8082 * * * 8450 6965 8116 6310 7575 7848 8191 7941 * * * * 7080 7666 6739 7990 7019 8432 6925 8651 7500 7286 4786 5987 7693 7905 7865 7713 7701 6812 8142 6179 * * * * * * * * * * * * * * 
